-0.32934200000000002,0.0
-0.055217799999999997,0.0014842200000000001
-0.18452199999999999,0.00087194200000000001
-0.172236,0.00099702199999999997
0.0050854799999999999,0.00200826
-0.040436600000000003,0.0030150300000000001
-0.0069929700000000003,0.0040145600000000004
-0.010787400000000001,0.0050036100000000003
-0.00670179,0.0059778499999999998
-0.0057163400000000003,0.0069319999999999998
-0.0046580399999999996,0.0078595899999999996
-0.00387835,0.0087528599999999995
-0.00336733,0.0096029900000000005
-0.0029665199999999998,0.0104
-0.0027037799999999998,0.011133199999999999
-0.0025249999999999999,0.0117918
-0.0024268100000000002,0.0123651
-0.0023961999999999998,0.012843200000000001
-0.0024302600000000001,0.013218000000000001
-0.0025292399999999999,0.013483500000000001
-0.0026943599999999998,0.013679999999999999
-0.0029466800000000001,0.0137161
-0.00329904,0.0136426
-0.0037747499999999999,0.0134664
-0.0044064799999999999,0.013197199999999999
-0.0052372399999999998,0.012847000000000001
-0.00632601,0.0124294
-0.0077496800000000001,0.0119591
-0.0096100200000000004,0.011450699999999999
-0.012039299999999999,0.010918300000000001
-0.0152073,0.0103655
-0.019321899999999999,0.0098315099999999999
-0.024821599999999999,0.0080191700000000008
-0.0303544,0.0075858399999999999
-0.038037399999999999,0.0071930900000000001
-0.046781099999999999,0.0068185099999999998
-0.057757099999999999,0.0064644000000000004
-0.070733699999999997,0.0061285999999999997
-0.086020799999999994,0.0056680300000000001
-0.103297,0.0051052700000000003
-0.121438,0.0046141799999999998
-0.13733500000000001,0.0041848500000000004
-0.15371099999999999,0.0023168300000000002
-0.14729,0.0017458599999999999
-0.043203699999999998,0.0016778100000000001
-0.066403000000000004,0.0016528199999999999
-0.024895199999999999,0.00163846
0.0184227,0.0015783100000000001
0.048649400000000002,0.0015267600000000001
0.064952499999999996,0.0014843499999999999
0.071238099999999999,0.0014516799999999999
0.071352399999999996,0.00142953
0.068608299999999997,0.0013655200000000001
0.061400499999999997,0.0013191100000000001
0.0591408,0.0012914300000000001
0.052452699999999998,0.0012933199999999999
0.048759400000000001,0.0015542799999999999
0.075940599999999997,0.00184139
-0.0026800999999999999,0.0021487899999999998
0.250637,0.0025075700000000002
0.011551199999999999,0.0029094199999999998
0.00029912899999999997,0.0033613699999999998
0.16958500000000001,0.0038911100000000001
0.0086334099999999993,0.0044844699999999999
0.0017160700000000001,0.0051776699999999997
0.0073454000000000002,0.0059633400000000001
0.0021247200000000001,0.0068403200000000004
0.0034328900000000001,0.0076280300000000001
0.00026033300000000002,0.0085018799999999999
0.0040083300000000001,0.0092773200000000004
0.00084501900000000002,0.0100293
0.0029854600000000001,0.010532
0.0023606299999999998,0.010977900000000001
0.0021224999999999998,0.011266699999999999
0.086261900000000002,0.0113921
0.014889299999999999,0.0113872
0.086498500000000006,0.011249500000000001
0.079461599999999993,0.0108421
0.14116200000000001,0.010700599999999999
0.18742600000000001,0.0108488
0.24395700000000001,0.0113253
0.29623500000000003,0.012147399999999999
0.32921400000000001,0.013337099999999999
0.42562100000000003,0.0149242
-0.20929500000000001,0.016942599999999999
0.33965299999999998,0.019421399999999998
-0.024296600000000002,0.022365699999999999
0.046429199999999997,0.025728500000000001
0.106395,0.027686499999999999
-0.50004899999999997,0.029241900000000001
-0.099685300000000004,0.0302137
-0.0059447099999999998,0.0304725
-0.0246883,0.029971100000000001
-0.0034355399999999999,0.028755599999999999
-0.00708912,0.0270899
-0.0026819299999999999,0.0250271
-0.0021182900000000001,0.0227412
-0.0012105799999999999,0.020398699999999999
-0.00075257799999999995,0.017894
-0.00045907100000000002,0.015462699999999999
-0.00027909499999999998,0.013278399999999999
-0.00017243299999999999,0.0113873
-0.000107105,0.0097701100000000003
-6.7610500000000006e-05,0.0083966100000000005
-4.3269500000000003e-05,0.0072341699999999998
-2.8328200000000001e-05,0.0063068500000000001
-1.8720500000000001e-05,0.0053663699999999996
-1.24703e-05,0.00451908
-8.4187400000000006e-06,0.0037704599999999998
-5.7539899999999996e-06,0.0030984599999999999
-1.5109499999999999e-07,0.0024840000000000001
-1.0117800000000001e-06,0.00058709500000000004
-2.66356e-06,0.00080216200000000004
-2.53821e-06,0.0011057599999999999
-4.4141200000000004e-06,0.00141949
-0.000105722,0.00174767
-5.8842200000000003e-07,0.00222171
-3.7161099999999999e-05,0.0026955
-1.2252199999999999e-05,0.0031137700000000001
-1.00681e-07,0.0031472100000000001
-2.63623e-05,0.0035109
-4.1648999999999997e-06,0.0039024900000000002
-7.4695200000000006e-08,0.0043389500000000003
-1.46592e-05,0.0048137800000000001
-1.5165599999999999e-07,0.0053653299999999998
-4.5058800000000001e-07,0.0061795699999999997
-1.8836799999999999e-06,0.0067404099999999996
-1.2426500000000001e-06,0.0074852299999999998
-3.0054000000000001e-06,0.0078442300000000006
-4.2907700000000003e-05,0.0089051700000000004
-8.6891699999999993e-06,0.0100695
-3.7511800000000001e-06,0.0113483
-3.9154800000000003e-06,0.0127449
-1.83293e-07,0.012796800000000001
-1.22554e-06,0.0125985
-4.2135400000000003e-05,0.0133448
-8.7799700000000002e-06,0.0145007
-6.9214000000000003e-06,0.015617600000000001
-8.2707700000000001e-06,0.016672800000000002
-7.2599099999999996e-06,0.017614999999999999
-9.2875099999999994e-06,0.018395700000000001
-1.0806500000000001e-05,0.0190736
-1.41314e-05,0.019542500000000001
-1.8789700000000001e-05,0.019858899999999999
-2.67438e-05,0.018085500000000001
-3.5910900000000002e-05,0.019088600000000001
-5.0364700000000002e-05,0.019976500000000001
-7.0696699999999997e-05,0.0194434
-0.000102799,0.019232300000000001
-0.000149114,0.019102999999999998
-0.00022137200000000001,0.018945500000000001
-0.000332104,0.018623799999999999
-0.00050614599999999996,0.0181926
-0.00078087600000000001,0.017667100000000002
-5.50363e-05,0.0170645
-0.00075376499999999999,0.016663899999999999
-0.0039489299999999998,0.015665499999999999
-0.0077891999999999996,0.014979299999999999
-0.026831299999999999,0.013905499999999999
-0.053654199999999999,0.012831
-0.115104,0.0118443
-0.19633400000000001,0.0109686
-0.274698,0.0101847
-0.244812,0.0089191500000000007
-0.060819699999999997,0.0078120400000000001
0.105531,0.0068356900000000002
0.0101481,0.0059862500000000003
0.0057174900000000004,0.0052405799999999999
-8.6422600000000008e-06,0.0045921299999999998
0.00041613799999999998,0.0040258899999999999
0.00090943800000000004,0.0035344600000000001
0.00060248799999999998,0.0031116500000000001
0.00082537099999999998,0.0027387599999999998
0.0325714,0.0024005099999999998
3.3835599999999998e-05,0.0020918500000000001
