0.17146800000000001,0.0
-0.27605499999999999,0.00159907
-0.38722600000000001,0.0032023899999999998
-0.421568,0.00331475
-0.40436499999999997,0.00233381
-0.374859,0.0013181600000000001
-0.323436,0.00051536599999999996
-0.25282500000000002,0.00112711
-0.18413399999999999,0.0018736200000000001
-0.10294300000000001,0.0028811900000000001
-0.0182913,0.0038830599999999998
0.066806099999999993,0.0048766800000000004
0.125112,0.0058586100000000002
0.17740700000000001,0.0068241500000000002
0.197073,0.0077674299999999996
0.22423100000000001,0.0086810600000000009
0.223824,0.0095563899999999997
0.23671400000000001,0.0103835
0.22511900000000001,0.011151400000000001
0.22630500000000001,0.0118488
0.204176,0.0124642
0.18850700000000001,0.012987
0.14621100000000001,0.0134076
0.092922199999999996,0.013718899999999999
0.0055790400000000004,0.0124356
-0.10081900000000001,0.0112391
-0.19370000000000001,0.0061584099999999996
-0.246305,0.0052811400000000001
-0.23552999999999999,0.0040969300000000004
-0.20003000000000001,0.0029779199999999998
-0.13053999999999999,0.0023335600000000001
-0.082793000000000005,0.00294685
-0.038361699999999999,0.00360078
-0.018362799999999999,0.0043036000000000003
-0.0045544499999999998,0.00506414
0.00013452099999999999,0.0058913100000000003
0.00288814,0.0067946899999999999
0.0032580600000000001,0.007783
0.0033196599999999999,0.0088645100000000008
0.0028521800000000002,0.010126400000000001
0.0024481699999999999,0.011754799999999999
0.00193111,0.0134901
0.00150683,0.015324300000000001
0.00099949299999999995,0.017236999999999999
0.00050371400000000005,0.019190700000000002
-0.00024607399999999999,0.021128500000000001
-0.0012814300000000001,0.022972599999999999
-0.0033321000000000002,0.024627699999999999
-0.0071766499999999997,0.025989399999999999
-0.0162519,0.0269597
-0.036800800000000002,0.0274649
-0.0867502,0.025680100000000001
-0.18340799999999999,0.0238774
-0.31945600000000002,0.022170499999999999
-0.421736,0.020629499999999999
-0.46604600000000002,0.019281599999999999
-0.47323599999999999,0.0153347
-0.46205600000000002,0.0141862
-0.43338100000000002,0.013102900000000001
-0.36263099999999998,0.0120488
-0.113647,0.0110163
0.21479799999999999,0.0100108
0.34160000000000001,0.0090432199999999994
0.40771099999999999,0.0081206400000000001
0.44538899999999998,0.0072496699999999997
0.46107999999999999,0.0063289399999999999
0.45848299999999997,0.0054819400000000003
0.43732500000000002,0.0047069900000000003
0.39404,0.0039990800000000003
0.32735300000000001,0.0033512500000000001
0.24525,0.0028513000000000002
0.164991,0.0023669300000000002
0.101573,0.00192358
0.019287200000000001,0.0015035000000000001
0.000174539,0.00116435
5.3618200000000001e-05,0.0012987700000000001
8.8436299999999999e-06,0.001704
1.6582000000000001e-05,0.0021404100000000001
5.7604599999999999e-06,0.0026055599999999998
7.4185199999999999e-06,0.00309436
2.0118500000000001e-06,0.0036568199999999999
1.9202299999999998e-06,0.0043156999999999996
5.7749500000000005e-07,0.0051007700000000001
5.5275199999999997e-07,0.0060239500000000001
2.1237199999999999e-07,0.0071751599999999999
2.3120200000000001e-07,0.0086463000000000009
7.8246199999999996e-08,0.010359699999999999
7.34434e-08,0.0123597
2.86195e-08,0.0146859
2.8485899999999999e-08,0.011343199999999999
4.4213e-08,0.0132082
2.0602799999999999e-06,0.015166499999999999
1.76714e-06,0.016652
4.5603299999999998e-06,0.018131399999999999
7.5996799999999999e-07,0.019612999999999998
1.03265e-06,0.020997999999999999
2.7315199999999998e-07,0.022302300000000001
5.0383700000000001e-07,0.023395599999999999
2.0015600000000001e-07,0.024216999999999999
3.6804299999999998e-07,0.018195300000000001
1.80403e-07,0.019253699999999999
3.2365999999999997e-07,0.0200147
1.8128199999999999e-07,0.0204691
3.1123099999999999e-07,0.020594500000000002
1.9570699999999999e-07,0.020392400000000001
3.3527800000000002e-07,0.0198896
2.3997899999999998e-07,0.018908999999999999
4.2656300000000001e-07,0.017829000000000001
3.4887799999999998e-07,0.016704699999999999
6.7487699999999999e-07,0.0081874400000000007
7.0186399999999996e-07,0.0087099900000000008
1.47832e-06,0.0088420300000000007
1.6635400000000001e-06,0.0089496000000000003
3.3301800000000002e-06,0.0090443499999999996
3.8183600000000003e-06,0.0091372699999999994
7.4588200000000002e-06,0.0092384900000000002
8.9888200000000008e-06,0.0093266000000000009
1.7742899999999999e-05,0.0092833199999999994
2.2628699999999999e-05,0.0094251200000000004
4.5279699999999999e-05,0.0095745299999999995
6.1070399999999997e-05,0.00975526
0.00012526900000000001,0.0099265099999999995
0.00018008799999999999,0.010094000000000001
0.00038458200000000001,0.0099031899999999992
0.000600492,0.0097469500000000008
0.0013575499999999999,0.0095806699999999995
0.0023262399999999998,0.0093681500000000004
0.0055462799999999998,0.0090895899999999998
0.0107457,0.0087369800000000001
0.028166799999999999,0.0083073399999999999
0.075067400000000006,0.0078096499999999996
0.19756399999999999,0.0069235800000000004
0.15229400000000001,0.0061140500000000002
0.064873500000000001,0.0054226400000000003
0.045394700000000003,0.0047981200000000003
0.028467599999999999,0.0042396600000000001
0.013930700000000001,0.0037421799999999999
0.0098477800000000004,0.0033432000000000002
0.0031902200000000001,0.0029485399999999999
0.00060126899999999998,0.0026156500000000002
0.00027182200000000001,0.0022989899999999999
0.000119491,0.0020164900000000001
8.5465100000000003e-05,0.0017632100000000001
-1.7209100000000001e-05,0.0014889599999999999
9.1931900000000007e-05,0.0012331099999999999
3.6826399999999997e-05,0.0010358500000000001
2.4695500000000001e-05,0.000857529
3.20194e-06,0.00071778100000000002
2.0473400000000001e-06,0.00059435300000000005
7.9511900000000001e-07,0.00047984699999999999
9.3569300000000001e-07,0.00045033900000000001
-4.1402100000000003e-07,0.00047563400000000001
1.6877500000000001e-06,0.00049881800000000005
-1.12828e-07,0.00051059100000000002
8.0280700000000005e-07,0.00052713599999999999
1.2540800000000001e-07,0.00045521400000000001
2.4137299999999997e-07,0.00057642200000000005
5.6452799999999998e-08,0.00062880200000000003
1.01272e-07,0.00075931200000000005
-2.9146900000000001e-08,0.00085941800000000003
-5.1723399999999998e-06,0.00097377300000000004
-1.4521900000000001e-05,0.0010219300000000001
-2.3776300000000001e-05,0.00052298199999999996
-1.1321600000000001e-06,0.00058958800000000005
1.05352e-07,0.00064851000000000004
1.22555e-08,0.00069116399999999997
-4.1374699999999998e-07,0.00073414400000000005
-4.6925899999999998e-07,0.00080257099999999997
5.0131699999999999e-08,0.00088601000000000001
7.02145e-09,0.0009868609999999999
6.3818800000000003e-09,0.00110541
-1.2131099999999999e-07,0.0012164999999999999
3.8476199999999997e-08,0.00134979
-3.0178600000000001e-06,0.0015134899999999999
9.0389000000000003e-08,0.0017208900000000001
