-0.44112200000000001,0.0,0.48602800000000002
-0.0189246,0.0014842200000000001,0.68841300000000005
-0.39157199999999998,0.0029715599999999998,0.32925500000000002
-0.28825299999999998,0.0044653200000000001,0.55965299999999996
-0.105351,0.0059670499999999998,0.90686100000000003
-0.41636899999999999,0.0074756500000000004,0.34902100000000003
-0.12400600000000001,0.0089863400000000006,0.88801399999999997
-0.281416,0.0104896,0.55138900000000002
-0.34353400000000001,0.0119705,0.42395699999999997
-0.19800599999999999,0.0134076,0.60811499999999996
-0.39802300000000002,0.014772800000000001,0.14449600000000001
-0.28790199999999999,0.016031799999999999,0.32657700000000001
-0.20757700000000001,0.0171457,0.23155400000000001
-0.13233800000000001,0.017632800000000001,0.47160800000000003
0.12958700000000001,0.017044,0.553261
0.0574992,0.0153317,0.69606500000000004
0.20400599999999999,0.013725599999999999,0.80563499999999999
0.19039400000000001,0.012201399999999999,0.90137800000000001
0.13505,0.010768399999999999,1.00098
0.17352899999999999,0.0094285900000000006,0.98007299999999997
0.101145,0.0081793400000000002,1.0971900000000001
0.10019599999999999,0.0075130700000000002,1.1034299999999999
0.086641200000000002,0.0069360200000000002,1.13114
0.055782699999999998,0.0064381100000000004,1.1962600000000001
0.061245500000000001,0.0060147300000000002,1.1847099999999999
0.041666599999999998,0.0056609700000000004,1.2289699999999999
0.0366907,0.0053717299999999999,1.24075
0.0349352,0.0051418799999999997,1.24498
0.0253566,0.0049657900000000003,1.26823
0.0265144,0.0048370899999999996,1.2654000000000001
0.022112900000000001,0.0047482699999999997,1.2762899999999999
0.019876499999999998,0.0046897700000000002,1.2818799999999999
0.020527799999999999,0.0046497099999999996,1.2802500000000001
0.017541999999999999,0.0046130900000000002,1.28775
0.018515500000000001,0.0048876700000000002,1.28529
0.0181656,0.0055875899999999999,1.28617
0.017789099999999999,0.0062364200000000003,1.2870999999999999
0.0198242,0.0066983199999999998,1.2819499999999999
0.019957300000000001,0.0070932399999999998,1.28155
0.022479499999999999,0.0074249900000000002,1.27512
0.025431200000000001,0.0077038799999999998,1.26756
0.028177500000000001,0.0079458800000000007,1.2601800000000001
0.034241599999999997,0.0081712599999999996,1.2441599999999999
0.0393668,0.0084025100000000002,1.22854
0.046765099999999997,0.0086621300000000005,1.2029799999999999
0.054871099999999999,0.0086954000000000007,1.1645700000000001
0.058396999999999998,0.0088836899999999996,1.1068499999999999
0.056288499999999998,0.0092163399999999999,1.00356
0.032166300000000002,0.0096819799999999998,0.83834600000000004
-0.021291500000000001,0.0102688,0.60046600000000006
-0.10140200000000001,0.0114257,0.31128699999999998
-0.20285500000000001,0.012766599999999999,0.0778229
-0.27682200000000001,0.01234,0.114672
-0.286194,0.0118117,0.37973099999999999
-0.258996,0.0111862,0.63092599999999999
-0.22272700000000001,0.010472,0.79932000000000003
-0.19254299999999999,0.0091772999999999993,0.90016700000000005
-0.16672400000000001,0.0077838300000000003,0.96573799999999999
-0.14523800000000001,0.0063440700000000003,1.0125
-0.12812999999999999,0.0050508699999999998,1.04739
-0.113037,0.0037264500000000001,1.07717
-0.101114,0.00237726,1.10093
-0.0901729,0.0051447699999999999,1.12297
-0.083323099999999997,0.00384681,1.1372
-0.075806499999999999,0.0026825299999999998,1.1529
-0.070593400000000001,0.0013751799999999999,1.1640200000000001
-0.066472000000000003,0.0029063100000000001,1.17292
-0.0624025,0.0046359599999999997,1.1817599999999999
-0.0603309,0.0063340499999999999,1.1862999999999999
-0.0583148,0.0080882100000000002,1.19069
-0.057199399999999997,0.00872239,1.1930499999999999
-0.057678699999999999,0.010134600000000001,1.1917800000000001
-0.058137800000000003,0.0116063,1.19035
-0.060489599999999998,0.0129985,1.18435
-0.064489400000000002,0.0143997,1.17378
-0.071537299999999998,0.015780300000000001,1.1540600000000001
-0.0877058,0.017554400000000001,1.1072299999999999
-0.126639,0.018470299999999999,0.99147799999999997
-0.224887,0.019556299999999999,0.72568600000000005
-0.33963900000000002,0.020227700000000001,0.42952699999999999
-0.186362,0.019911399999999999,0.40826299999999999
0.095873899999999998,0.019253800000000001,0.61561900000000003
0.24302399999999999,0.017176199999999999,0.78187200000000001
0.24656400000000001,0.015151700000000001,0.88920100000000002
0.19950499999999999,0.0133262,0.95512600000000003
0.14641499999999999,0.0116772,1.0277499999999999
0.098806199999999997,0.0102045,1.10876
0.064024600000000001,0.0089159500000000006,1.1789700000000001
0.040136999999999999,0.0077866100000000002,1.2327399999999999
0.024891699999999999,0.00679424,1.2694300000000001
0.015681199999999999,0.0059206800000000002,1.2925
0.00997842,0.0051504300000000001,1.3071200000000001
0.0065550599999999997,0.0044663300000000001,1.31603
0.002068,0.0037233600000000002,1.3278399999999999
0.0013441,0.0031556700000000002,1.3297600000000001
0.0053092499999999997,0.00264928,1.3192900000000001
0.00051135000000000004,0.0021945100000000002,1.3319700000000001
0.0012187000000000001,0.0017661599999999999,1.33009
0.00054257299999999997,0.00135994,1.33189
0.00036313399999999998,0.00097211200000000002,1.3323700000000001
0.00033748300000000002,0.00076239600000000004,1.33243
1.21067e-05,0.00097542799999999997,1.3332999999999999
0.000647695,0.00119209,1.33161
1.8580299999999999e-05,0.0014277300000000001,1.33328
9.4521699999999993e-05,0.00167062,1.33308
0.00010614499999999999,0.0019379499999999999,1.3330500000000001
1.3378299999999999e-06,0.00221755,1.3333299999999999
0.0010631600000000001,0.0025830200000000001,1.3305
4.5845400000000002e-06,0.00292356,1.3333200000000001
4.0045000000000004e-06,0.0032955800000000002,1.3333200000000001
0.0011705400000000001,0.0036954399999999999,1.33022
1.7337499999999999e-06,0.0041383899999999996,1.3333299999999999
5.4889000000000003e-05,0.0046782799999999999,1.3331900000000001
6.4826400000000007e-05,0.0052413399999999997,1.3331599999999999
3.7268500000000002e-06,0.00583265,1.3333200000000001
0.00024413599999999999,0.0064371899999999998,1.3326800000000001
1.3963399999999999e-05,0.0070810500000000002,1.3332999999999999
4.8778800000000001e-05,0.0077467500000000002,1.3331999999999999
0.00017509000000000001,0.0082807100000000002,1.33287
2.2785e-05,0.0088902300000000007,1.33327
0.000265827,0.010922400000000001,1.3326199999999999
9.0033399999999998e-05,0.014621500000000001,1.3330900000000001
0.000101366,0.0152926,1.3330599999999999
0.00035931400000000001,0.016155699999999999,1.3323799999999999
9.9613399999999997e-05,0.0167356,1.33307
0.00035798999999999998,0.017304199999999999,1.3323799999999999
0.00029583700000000002,0.018070800000000001,1.3325400000000001
0.000238626,0.0185595,1.3327
0.00065194099999999996,0.018784200000000001,1.3315999999999999
0.00034961200000000001,0.018800399999999998,1.3324
0.00067328699999999995,0.018703899999999999,1.3315399999999999
0.00084854500000000003,0.0184093,1.33107
0.0032545,0.0180383,1.3247
0.00063247399999999995,0.0055191900000000002,1.33165
0.00048258900000000001,0.0045539200000000004,1.33205
0.0014672299999999999,0.0033053399999999999,1.3294299999999999
0.00042903499999999997,0.0032824600000000001,1.33219
0.00159055,0.0032140799999999998,1.3290999999999999
0.00156667,0.0031761699999999999,1.32917
0.00145403,0.0030788899999999999,1.3294600000000001
0.0044522800000000003,0.0029313400000000002,1.3215399999999999
0.0027858599999999998,0.0031382099999999998,1.3259399999999999
0.0014004499999999999,0.0024735899999999999,1.32961
0.0173559,0.0023273,1.2882499999999999
0.017419199999999999,0.0021507399999999999,1.28809
0.016026599999999998,0.0017153699999999999,1.2916000000000001
0.055711200000000002,0.00149558,1.1971799999999999
0.020394700000000002,0.00137762,1.2805899999999999
0.039309299999999998,0.0014104899999999999,1.23468
0.036403400000000002,0.0013313800000000001,1.2415499999999999
