-0.44112200000000001,0.0,0.48602800000000002
-0.0189246,0.0014842200000000001,0.68841300000000005
-0.39157199999999998,0.0029715599999999998,0.32925500000000002
0.056892900000000003,0.0044653200000000001,0.66201600000000005
0.262461,0.0059670499999999998,0.14940400000000001
-0.125335,0.00485543,0.72654700000000005
0.24104300000000001,0.0037409000000000001,0.48649999999999999
-0.046775900000000002,0.0028714299999999999,0.63540799999999997
0.045486699999999998,0.0023692700000000001,0.247392
0.141933,0.00135871,0.17053699999999999
-0.26428499999999999,0.000349305,0.11254400000000001
0.078502799999999998,0.00090350000000000001,0.44336700000000001
-0.23028899999999999,0.0019076099999999999,0.34996699999999997
-0.21515799999999999,0.00301001,0.48174699999999998
-0.042310899999999999,0.0019210900000000001,0.75000599999999995
-0.27400200000000002,0.0015949200000000001,0.65427100000000005
-0.075903499999999999,0.00312175,0.88453700000000002
-0.15226799999999999,0.0046470499999999998,0.83862700000000001
-0.172897,0.0061694999999999996,0.81721999999999995
-0.072474999999999998,0.0076854499999999999,0.92143699999999995
-0.18989300000000001,0.0091876900000000001,0.75912100000000005
-0.116108,0.010664699999999999,0.78133200000000003
-0.13192799999999999,0.0120999,0.65846899999999997
-0.21554999999999999,0.013471,0.40777000000000002
-0.121924,0.014749999999999999,0.32533099999999998
-0.15081600000000001,0.0159416,0.087123599999999995
-0.0021638600000000001,0.0148874,0.220135
0.15945799999999999,0.0135125,0.47734300000000002
0.198378,0.011693800000000001,0.73785500000000004
0.25139899999999998,0.0104615,0.84343000000000001
0.20293,0.0093038500000000007,0.92766199999999999
0.18571499999999999,0.0082109699999999997,0.96551699999999996
0.16711400000000001,0.0071824000000000002,0.99574700000000005
-0.019746900000000001,0.0062128900000000004,1.1778900000000001
0.21646399999999999,0.0053351099999999997,0.89136800000000005
0.42763099999999998,0.00446635,0.92368600000000001
0.032833399999999999,0.0036361700000000002,1.2495000000000001
0.143232,0.0030032599999999998,1.03342
0.061240200000000002,0.0026228900000000001,1.18502
0.0015694800000000001,0.0022693800000000001,1.32799
0.387542,0.00189139,0.90064200000000005
0.0118989,0.0015819199999999999,1.30217
0.0063600999999999996,0.0014478900000000001,1.31653
0.024646000000000001,0.00219739,1.27003
0.0227634,0.00296941,1.2746999999999999
0.048682700000000002,0.00377159,1.21299
0.0036101100000000001,0.0046110400000000003,1.32376
0.00322441,0.0054247100000000001,1.32477
0.12017799999999999,0.0062727299999999998,1.07063
0.0066882199999999999,0.0072367600000000001,1.31568
0.0055828600000000003,0.0081665399999999999,1.31857
0.033778299999999997,0.0092202499999999993,1.2478199999999999
0.0019670299999999998,0.010314800000000001,1.3281000000000001
0.018795599999999999,0.011332399999999999,1.2846200000000001
0.0088662600000000008,0.0124537,1.3100000000000001
0.0052360699999999998,0.013443699999999999,1.31948
0.028568699999999999,0.0143812,1.26041
0.0071977899999999999,0.015746900000000001,1.3143199999999999
0.0234153,0.017070100000000001,1.2730300000000001
0.029543199999999999,0.017824599999999999,1.2578499999999999
0.019598899999999999,0.0184613,1.2811900000000001
0.070109000000000005,0.018975499999999999,1.1613899999999999
0.051201000000000003,0.019366399999999999,1.1791
0.099511500000000003,0.019634700000000001,0.94440199999999996
0.16875999999999999,0.019466799999999999,0.27666499999999999
-0.112022,0.019295400000000001,0.25725999999999999
-0.16917599999999999,0.019070400000000001,0.69079999999999997
-0.22667599999999999,0.016776599999999999,0.87428399999999995
-0.182585,0.014556400000000001,0.96630199999999999
-0.111791,0.012433899999999999,1.0808899999999999
-0.106949,0.010417300000000001,1.0930800000000001
-0.059071100000000001,0.0085033000000000001,1.1894899999999999
-0.0501705,0.0066809399999999998,1.2095499999999999
-0.031583100000000003,0.0049329200000000004,1.25308
-0.021613400000000001,0.0032392699999999998,1.27755
-0.0212637,0.0015766700000000001,1.27843
-0.012729300000000001,0.00089145999999999995,1.30003
-0.0122804,0.0023009100000000002,1.3011900000000001
-0.010067100000000001,0.0038256499999999999,1.3068900000000001
-0.0077253699999999996,0.0055903599999999999,1.31297
-0.054125199999999998,0.0074471499999999996,1.20072
-0.00029853200000000001,0.0093456500000000005,1.3325400000000001
-0.0049289499999999997,0.011354100000000001,1.32029
-0.0187616,0.013536299999999999,1.28471
-0.00068280800000000003,0.015409000000000001,1.33151
-0.037978999999999999,0.0171988,1.23783
-0.0035873300000000001,0.018989599999999999,1.32382
-0.0058523500000000001,0.020654499999999999,1.31786
-0.029592799999999999,0.0221231,1.2579199999999999
-0.0032238499999999999,0.023324299999999999,1.3247599999999999
-0.027763300000000001,0.0241094,1.26237
-0.086109900000000003,0.024610799999999999,1.1333599999999999
-0.00046022400000000002,0.0150277,1.33195
-0.045731399999999998,0.015152499999999999,1.2196800000000001
-0.0323547,0.0131606,1.2508900000000001
-0.0037306599999999998,0.0126655,1.3108200000000001
-0.233732,0.012568599999999999,0.92144599999999999
-0.012623799999999999,0.012437399999999999,1.24807
-0.104156,0.0121373,1.0360400000000001
-0.21662400000000001,0.0118452,0.80765600000000004
0.041248699999999999,0.010513,0.905254
-0.29321199999999997,0.0092317800000000002,0.45106099999999999
-0.097591700000000003,0.0082453000000000005,0.40583599999999997
-0.024493600000000001,0.0073433700000000001,0.224074
-0.44796999999999998,0.0067199599999999996,0.32375500000000001
0.162387,0.0061177200000000001,0.68890300000000004
0.10911,0.0056221800000000001,0.061763199999999997
-0.089060299999999995,0.0048494200000000001,0.67698100000000005
0.32890000000000003,0.0039646300000000002,0.61202299999999998
-0.0227995,0.0030774299999999999,1.09351
0.29616799999999999,0.0023088000000000002,0.857769
0.169351,0.0024226600000000001,0.96990399999999999
0.040794299999999999,0.0028575800000000002,1.1891700000000001
0.28359699999999999,0.0033075000000000001,0.88900800000000002
0.041397700000000003,0.00366228,1.2173499999999999
0.119417,0.0042012200000000003,1.06684
0.12906300000000001,0.0046890600000000001,1.05247
0.038346600000000002,0.00528248,1.23064
0.14577200000000001,0.0062117400000000003,1.02732
0.052219799999999997,0.0078166399999999997,1.20164
0.067196900000000004,0.0095007000000000008,1.16876
0.101772,0.0115461,1.10042
0.044099800000000001,0.013863500000000001,1.2175100000000001
0.099273799999999995,0.015892099999999999,1.10216
0.0707425,0.018238600000000001,1.15401
0.0699684,0.020628299999999999,1.14452
0.119351,0.023124200000000001,1.0254300000000001
0.085946300000000003,0.025624999999999998,1.01491
0.14236799999999999,0.0279878,0.68564999999999998
0.13675799999999999,0.029772699999999999,0.23325399999999999
-0.060770499999999998,0.030929600000000002,0.20069000000000001
-0.14882300000000001,0.031463499999999998,0.60310399999999997
-0.24584500000000001,0.029261499999999999,0.82399800000000001
-0.19836999999999999,0.026798300000000001,0.93591500000000005
-0.15348400000000001,0.024168100000000001,1.01214
-0.12828899999999999,0.0215388,1.0559700000000001
-0.075587799999999997,0.019026000000000001,1.1543399999999999
-0.058936099999999998,0.0166981,1.19001
-0.037912500000000002,0.014586999999999999,1.23797
-0.023776100000000001,0.012698600000000001,1.2721899999999999
-0.018057699999999999,0.0110245,1.2864800000000001
-0.0109879,0.00955107,1.3045100000000001
-0.0081602900000000006,0.0082676799999999995,1.3118399999999999
-0.0058247400000000001,0.0033795800000000001,1.3179399999999999
-0.0040231900000000003,0.00257785,1.32267
-0.00336112,0.0022548199999999998,1.3244199999999999
-0.0024614099999999998,0.00191453,1.3267899999999999
-0.00205543,0.0017329299999999999,1.3278700000000001
-0.0017465499999999999,0.00153903,1.3286899999999999
-0.0014234,0.0013366599999999999,1.32955
