-0.44112200000000001,0.0,0.48602800000000002
-0.0189246,0.0014842200000000001,0.68841300000000005
-0.39157199999999998,0.0029715599999999998,0.32925500000000002
-0.28825299999999998,0.0044653200000000001,0.55965299999999996
-0.105351,0.0059670499999999998,0.90686100000000003
-0.41636899999999999,0.0074756500000000004,0.34902100000000003
-0.12400600000000001,0.0089863400000000006,0.88801399999999997
-0.281416,0.0104896,0.55138900000000002
-0.34353400000000001,0.0119705,0.42395699999999997
-0.19800599999999999,0.0134076,0.60811499999999996
-0.39802300000000002,0.014772800000000001,0.14449600000000001
-0.28790199999999999,0.016031799999999999,0.32657700000000001
-0.20757700000000001,0.0171457,0.23155400000000001
-0.13233800000000001,0.017632800000000001,0.47160800000000003
0.12958700000000001,0.017044,0.553261
0.0574992,0.0153317,0.69606500000000004
0.20400599999999999,0.013725599999999999,0.80563499999999999
0.19039400000000001,0.012201399999999999,0.90137800000000001
0.13505,0.010768399999999999,1.00098
0.17352899999999999,0.0094285900000000006,0.98007299999999997
0.101145,0.0081793400000000002,1.0971900000000001
0.10019599999999999,0.0075130700000000002,1.1034299999999999
0.086641200000000002,0.0069360200000000002,1.13114
0.055782699999999998,0.0064381100000000004,1.1962600000000001
0.061245500000000001,0.0060147300000000002,1.1847099999999999
0.041666599999999998,0.0056609700000000004,1.2289699999999999
0.0366907,0.0053717299999999999,1.24075
0.0349352,0.0051418799999999997,1.24498
0.0253566,0.0049657900000000003,1.26823
0.0265144,0.0048370899999999996,1.2654000000000001
0.022112900000000001,0.0047482699999999997,1.2762899999999999
0.019876499999999998,0.0046897700000000002,1.2818799999999999
0.020527799999999999,0.0046497099999999996,1.2802500000000001
0.017541999999999999,0.0046130900000000002,1.28775
0.018515500000000001,0.0048876700000000002,1.28529
0.0181656,0.0055875899999999999,1.28617
0.017789099999999999,0.0062364200000000003,1.2870999999999999
0.0198242,0.0066983199999999998,1.2819499999999999
0.019957300000000001,0.0070932399999999998,1.28155
0.022479499999999999,0.0074249900000000002,1.27512
0.025431200000000001,0.0077038799999999998,1.26756
0.028177500000000001,0.0079458800000000007,1.2601800000000001
0.034241599999999997,0.0081712599999999996,1.2441599999999999
0.0393668,0.0084025100000000002,1.22854
0.046765099999999997,0.0086621300000000005,1.2029799999999999
0.054871099999999999,0.0086954000000000007,1.1645700000000001
0.058396999999999998,0.0088836899999999996,1.1068499999999999
0.056288499999999998,0.0092163399999999999,1.00356
0.032166300000000002,0.0096819799999999998,0.83834600000000004
-0.021291500000000001,0.0102688,0.60046600000000006
-0.10140200000000001,0.0114257,0.31128699999999998
-0.20285500000000001,0.012766599999999999,0.0778229
-0.27682200000000001,0.01234,0.114672
-0.286194,0.0118117,0.37973099999999999
-0.258996,0.0111862,0.63092599999999999
-0.22272700000000001,0.010472,0.79932000000000003
-0.19254299999999999,0.0091772999999999993,0.90016700000000005
-0.16672400000000001,0.0077838300000000003,0.96573799999999999
-0.14523800000000001,0.0063440700000000003,1.0125
-0.12812999999999999,0.0050508699999999998,1.04739
-0.113037,0.0037264500000000001,1.07717
-0.101114,0.00237726,1.10093
-0.091173500000000005,0.00101699,1.1209899999999999
-0.082924600000000001,0.0021814,1.1379300000000001
-0.0767259,0.0038882399999999998,1.15089
-0.071642999999999998,0.0056077499999999999,1.1616500000000001
-0.068068699999999996,0.0073336800000000004,1.1692800000000001
-0.065729599999999999,0.0090573000000000008,1.1742699999999999
-0.064305799999999996,0.010267800000000001,1.1772199999999999
-0.064383099999999999,0.011460700000000001,1.1768099999999999
-0.065417699999999995,0.012638099999999999,1.17411
-0.067912100000000003,0.0138035,1.1678599999999999
-0.072276499999999994,0.014916,1.15673
-0.079270199999999999,0.015918399999999999,1.1379300000000001
-0.092217900000000005,0.016872600000000001,1.10114
-0.118797,0.018172000000000001,1.0212699999999999
-0.179094,0.019273700000000001,0.84045300000000001
-0.29014000000000001,0.020103200000000002,0.53518699999999997
-0.32185200000000003,0.020585099999999999,0.31808199999999998
-0.098079,0.0198576,0.45467800000000003
0.13018299999999999,0.017923399999999999,0.643154
0.23095399999999999,0.016055199999999999,0.81106800000000001
0.22415499999999999,0.0142679,0.90991999999999995
0.18035899999999999,0.012601899999999999,0.97734600000000005
0.13303599999999999,0.011082099999999999,1.0484599999999999
0.091425500000000007,0.0097182699999999993,1.1228100000000001
0.060070999999999999,0.0083022200000000008,1.1875500000000001
0.038370399999999999,0.0070353600000000001,1.2369000000000001
0.024611000000000001,0.00436134,1.27013
0.014564499999999999,0.00365942,1.2953399999999999
0.0095295999999999992,0.0030594900000000002,1.3082800000000001
0.0061196599999999999,0.0025433600000000002,1.3171600000000001
0.0040867200000000003,0.00208544,1.3225
0.0029544200000000001,0.00167129,1.3254900000000001
0.0021106200000000001,0.0012947799999999999,1.32772
0.00163766,0.00092610000000000001,1.3289800000000001
0.0012984800000000001,0.00058027800000000004,1.32988
0.0010518000000000001,0.00024106099999999999,1.33053
0.00090479999999999998,0.000224785,1.3309200000000001
0.0051083300000000003,0.00056076800000000001,1.31982
0.00025669100000000003,0.00090339700000000001,1.3326499999999999
0.00017623899999999999,0.00125708,1.3328599999999999
0.00044421800000000002,0.00162633,1.3321499999999999
7.2087000000000001e-06,0.0020158900000000002,1.33331
0.0062462799999999999,0.00244583,1.3168299999999999
0.00019735999999999999,0.0028750899999999999,1.3328100000000001
3.9734200000000003e-05,0.0033248800000000001,1.3332299999999999
0.0036198300000000001,0.0038118100000000001,1.3237300000000001
2.5047800000000001e-05,0.0043816100000000002,1.33327
0.00073551699999999999,0.0049673699999999996,1.3313699999999999
0.00054225200000000001,0.0056572799999999998,1.33189
8.7759599999999999e-05,0.0063724899999999998,1.3331
0.0022672600000000001,0.0071610900000000002,1.32731
0.00019745599999999999,0.0080930099999999994,1.3328100000000001
0.00073489099999999999,0.0090591700000000001,1.33138
0.0015129200000000001,0.0101178,1.32931
0.00032478800000000001,0.0032426600000000001,1.33247
0.0030466899999999999,0.0029589199999999999,1.32525
0.00105843,0.0027759400000000002,1.3305199999999999
0.00164033,0.00296978,1.32897
0.0043063399999999996,0.0030876800000000002,1.32192
0.00154824,0.0032066899999999999,1.32921
0.00510356,0.0034868099999999999,1.3198300000000001
0.0036570399999999999,0.0035938599999999999,1.3236300000000001
0.0033551900000000001,0.0036998000000000001,1.32443
0.0069369699999999998,0.0039744799999999999,1.3150299999999999
0.0036880699999999999,0.0042223499999999997,1.32355
0.0063220999999999998,0.0044480800000000001,1.31663
0.0062774299999999996,0.0046516500000000002,1.3167500000000001
0.00508151,0.0048352600000000001,1.31989
0.0083115199999999993,0.0050027099999999996,1.31145
0.00054955499999999997,0.0051542100000000002,1.33182
0.19603699999999999,0.0052923600000000003,0.96428899999999995
0.0121983,0.0054204199999999996,1.3013999999999999
0.00206186,0.00580431,1.32785
0.113409,0.0061866200000000003,1.08236
0.0011233599999999999,0.0063043300000000004,1.3303400000000001
0.0225373,0.0068691999999999998,1.2752699999999999
0.0170277,0.0074503,1.2890900000000001
0.0026792999999999999,0.0080450199999999999,1.3262100000000001
0.052459800000000001,0.0089261500000000008,1.20445
0.0056092199999999998,0.0095495800000000002,1.3184899999999999
0.018047199999999999,0.0097146100000000003,1.2864899999999999
0.036979499999999998,0.010291099999999999,1.24017
0.0096112300000000001,0.0108837,1.30789
0.060429499999999997,0.0112871,1.18658
0.027376999999999999,0.0114083,1.2625200000000001
-0.117351,0.0118052,1.0483800000000001
-0.0099930599999999998,0.012944000000000001,0.29112199999999999
-0.23952699999999999,0.015569,0.19334399999999999
