-0.44112200000000001,0.0,0.48602800000000002
-0.0189246,0.0014842200000000001,0.68841300000000005
-0.39157199999999998,0.0029715599999999998,0.32925500000000002
-0.0194235,0.0044653200000000001,0.81675200000000003
-0.16609599999999999,0.0059670499999999998,0.67705700000000002
-0.313527,0.0074756500000000004,0.44544
-0.0012791499999999999,0.0089863400000000006,0.90030399999999999
-0.30676900000000001,0.010605699999999999,0.53189299999999995
-0.12587300000000001,0.011360200000000001,0.808222
-0.122198,0.0128106,0.78988599999999998
-0.28984399999999999,0.014195299999999999,0.46393800000000002
-0.097862299999999999,0.0154827,0.69537700000000002
-0.26817299999999999,0.016636100000000001,0.29062199999999999
-0.239645,0.0176101,0.27877200000000002
-0.107215,0.018380400000000002,0.184336
-0.071891499999999997,0.0184911,0.319021
0.18670500000000001,0.016617199999999999,0.52335699999999996
0.19097700000000001,0.014838,0.71420399999999995
0.23197899999999999,0.0131749,0.82827600000000001
0.26023600000000002,0.0116372,0.87980800000000003
0.169631,0.010225100000000001,0.975997
0.197994,0.0089329200000000004,0.956874
0.14063300000000001,0.0077510000000000001,1.0348299999999999
0.11170099999999999,0.0066677699999999999,1.08413
0.11183999999999999,0.0059398799999999998,1.0847
0.070441799999999999,0.0054698899999999998,1.1650700000000001
0.070410399999999998,0.0050723499999999998,1.1652899999999999
0.055410500000000001,0.0047414900000000001,1.1977899999999999
0.0423913,0.0044720300000000001,1.2274400000000001
0.042701999999999997,0.0042595000000000003,1.2267399999999999
0.031363500000000002,0.0040998700000000003,1.25362
0.029900400000000001,0.0039895,1.2571699999999999
0.027020700000000002,0.00392466,1.2641899999999999
0.0223854,0.00390121,1.2756400000000001
0.022973799999999999,0.0039138200000000001,1.2741800000000001
0.019853300000000001,0.0039553699999999997,1.28196
0.0192734,0.0041195600000000004,1.28342
0.019312800000000001,0.0048596899999999998,1.28332
0.017833700000000001,0.0055944300000000001,1.28704
0.018997900000000002,0.0061936600000000001,1.2841100000000001
0.018890299999999999,0.0067495200000000002,1.2843800000000001
0.0196816,0.0072514500000000004,1.2823800000000001
0.021824900000000001,0.0076923699999999996,1.27701
0.0049139500000000003,0.0080706200000000006,1.31978
0.21509900000000001,0.0083915900000000009,0.94474499999999995
0.00577686,0.0087791799999999993,1.31731
0.0588546,0.0090118799999999999,1.1897200000000001
0.080439999999999998,0.0092423399999999999,1.1439600000000001
0.011896,0.00949937,1.2917000000000001
0.173037,0.0088007199999999997,0.98573999999999995
-0.041623500000000001,0.0093667200000000003,1.17581
0.15854299999999999,0.0100345,0.87859500000000001
0.064865599999999995,0.010566000000000001,0.76820999999999995
-0.22917699999999999,0.0116755,0.69075200000000003
0.047006399999999997,0.012544899999999999,0.12146899999999999
-0.26613799999999999,0.014015400000000001,0.29390100000000002
-0.28955799999999998,0.015685899999999999,0.104361
-0.20466500000000001,0.0153981,0.43793700000000002
-0.35915399999999997,0.0150761,0.42148099999999999
-0.147595,0.014600999999999999,0.868143
-0.244897,0.013983199999999999,0.82774400000000004
-0.182064,0.012733400000000001,0.93317099999999997
-0.117741,0.011353800000000001,1.05538
-0.18093600000000001,0.010074100000000001,0.97038400000000002
-0.088828799999999999,0.0087823099999999998,1.12297
-0.109303,0.0074470700000000001,1.0871200000000001
-0.097349199999999997,0.00608838,1.1102099999999999
-0.061731599999999998,0.00472107,1.18309
-0.083391099999999996,0.0033559699999999998,1.13829
-0.0532078,0.0020008999999999999,1.20244
-0.053275500000000003,0.0023920899999999999,1.2023900000000001
-0.054656999999999997,0.0042532000000000004,1.19936
-0.038944699999999999,0.0061710899999999997,1.2354000000000001
-0.0471542,0.0081539000000000004,1.2163600000000001
-0.0389597,0.010206700000000001,1.2353799999999999
-0.037540999999999998,0.012329100000000001,1.23872
-0.042212699999999999,0.014415900000000001,1.2277199999999999
-0.036106800000000001,0.0159031,1.2420100000000001
-0.042592100000000001,0.017464799999999999,1.2265900000000001
-0.043622599999999997,0.0189415,1.2237899999999999
-0.046230199999999999,0.0202717,1.21668
-0.018492100000000001,0.0213787,1.23044
-0.14582100000000001,0.0221791,0.775868
-0.27364899999999998,0.022597099999999998,0.20986299999999999
0.083895399999999995,0.022583300000000001,0.32345699999999999
0.081509899999999996,0.020096099999999999,0.67862199999999995
0.28041500000000003,0.018069000000000002,0.826936
0.20860000000000001,0.016106700000000002,0.92410000000000003
-0.024630699999999998,0.0142597,1.0513999999999999
0.42337000000000002,0.0104236,0.92008400000000001
0.094581200000000004,0.0089855899999999999,1.11595
0.047302700000000003,0.0079523400000000005,1.21567
0.197656,0.0070237800000000003,0.96251100000000001
0.0098798700000000007,0.0061948799999999998,1.3073399999999999
0.057639799999999998,0.0054441799999999999,1.1929099999999999
0.022188099999999999,0.0047561599999999997,1.27613
0.00713775,0.0041285699999999998,1.3145
0.0299315,0.0034777900000000001,1.2571000000000001
0.00475304,0.00278268,1.3207500000000001
0.0097912699999999995,0.0021447699999999998,1.3076099999999999
0.0090924600000000001,0.00156207,1.30942
0.0011392399999999999,0.0010231699999999999,1.3303
0.019169200000000001,0.00074592500000000004,1.2836799999999999
0.0091852600000000006,0.00053492399999999999,1.30918
0.0059048900000000003,0.000496811,1.31772
0.0258619,0.00095030500000000003,1.2670399999999999
0.0046590599999999996,0.0014092899999999999,1.3209900000000001
0.011691200000000001,0.00188809,1.3027
0.0090493499999999994,0.0023916599999999999,1.3095300000000001
0.0039871899999999998,0.0029266000000000001,1.3227599999999999
0.0096384699999999997,0.0035025400000000002,1.3080000000000001
0.0036543999999999999,0.00412986,1.3236399999999999
0.0047105100000000002,0.0035982499999999999,1.3208599999999999
0.0053678600000000003,0.0042340700000000004,1.3191299999999999
0.0029227400000000001,0.0049448299999999999,1.3255699999999999
0.0051874199999999999,0.0056895599999999998,1.3196099999999999
0.0035456200000000002,0.0065110899999999998,1.3239300000000001
0.0037363100000000001,0.0073825599999999998,1.3234300000000001
0.0049873399999999998,0.0083264500000000009,1.32013
0.0036446600000000001,0.0094049200000000006,1.3236699999999999
0.0053595200000000004,0.0103663,1.3191600000000001
0.0052287999999999996,0.011456900000000001,1.3194999999999999
0.00546782,0.0124504,1.31887
0.0077280600000000001,0.013419199999999999,1.3129599999999999
0.0073825499999999999,0.0143486,1.31385
0.010267399999999999,0.015221699999999999,1.3063400000000001
0.012708000000000001,0.016024099999999999,1.2999799999999999
0.0149298,0.0167619,1.294
0.022445300000000001,0.017417800000000001,1.2741
0.10001500000000001,0.0180161,1.10636
0.0201473,0.0193014,1.28054
0.023580400000000001,0.020405699999999999,1.2702899999999999
0.068217,0.020613099999999999,1.1613899999999999
0.030377500000000002,0.020840999999999998,1.1826700000000001
0.15459200000000001,0.021112100000000002,0.56500600000000001
-0.021926000000000001,0.021195700000000001,0.29704199999999997
-0.31375399999999998,0.021138000000000001,0.72658800000000001
-0.19717799999999999,0.019379899999999999,0.91294200000000003
-0.24052799999999999,0.0175534,0.919157
-0.119079,0.015721700000000002,1.07134
-0.082345799999999997,0.014021799999999999,1.1406099999999999
-0.071015999999999996,0.012733599999999999,1.1640900000000001
-0.029704499999999998,0.0114065,1.25763
-0.029862699999999999,0.0101402,1.25726
-0.017434700000000001,0.0089387000000000008,1.28806
-0.0114822,0.0078022400000000002,1.30324
-0.0110889,0.0067358399999999999,1.3042499999999999
-0.0063743899999999997,0.0059407100000000001,1.3165
-0.0061392599999999997,0.0052172900000000003,1.31711
-0.028245099999999999,0.0045471599999999997,1.2612000000000001
