-0.31696800000000003,0.0
-0.201625,0.00101436
-0.38767400000000002,0.00202732
-0.31313600000000003,0.0030365600000000002
-0.32384600000000002,0.0040392900000000001
-0.208983,0.0050320399999999998
-0.32487700000000003,0.0060104199999999998
-0.30377999999999999,0.0069689399999999999
-0.332092,0.0079009500000000003
-0.27067200000000002,0.0087985100000000007
-0.27699800000000002,0.0096525099999999996
-0.29732599999999998,0.010452700000000001
-0.301653,0.0111883
-0.30433199999999999,0.0118479
-0.26628200000000002,0.0124206
-0.29761799999999999,0.0128965
-0.28068599999999999,0.0132669
-0.30469800000000002,0.013526
-0.27403100000000002,0.013596499999999999
-0.28715299999999999,0.0121932
-0.27629700000000001,0.010929400000000001
-0.284939,0.0099929300000000006
-0.278887,0.0089420699999999999
-0.271615,0.0079627099999999996
-0.27437499999999998,0.0070442899999999999
-0.26577000000000001,0.0061767599999999999
-0.27331899999999998,0.0051583000000000002
-0.25951600000000002,0.0042185900000000004
-0.265405,0.0033402599999999998
-0.25410500000000003,0.0025069300000000001
-0.259241,0.00170342
-0.25078400000000001,0.00203521
-0.25081700000000001,0.0025919099999999998
-0.24543200000000001,0.00232029
-0.242895,0.0025227399999999999
-0.240922,0.0020005000000000001
-0.235322,0.0020993299999999999
-0.23448099999999999,0.00169659
-0.22850500000000001,0.0015582
-0.228877,0.0015252899999999999
-0.22270899999999999,0.0016509700000000001
-0.22193299999999999,0.0017670400000000001
-0.21629399999999999,0.00176804
-0.21512100000000001,0.0018979999999999999
-0.21079999999999999,0.0018476300000000001
-0.208311,0.0019898899999999998
-0.20474100000000001,0.00191585
-0.20141899999999999,0.0020181999999999999
-0.198905,0.00193585
0.298344,0.00198482
0.33676499999999998,0.0030408900000000001
0.41776200000000002,0.0040801500000000003
0.14168900000000001,0.0039299799999999996
0.25473099999999999,0.00358494
0.299068,0.0045134099999999998
0.35893700000000001,0.0054853899999999997
0.33052700000000002,0.0067322399999999996
0.26009700000000002,0.0064477299999999996
0.30307000000000001,0.0061240899999999996
0.29944700000000002,0.0057679300000000001
0.34487600000000002,0.00745906
0.27655999999999997,0.0073444499999999998
-0.21401999999999999,0.0069031800000000001
0.19590199999999999,0.0065317700000000001
0.23132,0.0076545700000000003
0.43539600000000001,0.0084840999999999996
0.16666700000000001,0.0083252099999999996
0.19683899999999999,0.0074950700000000004
0.17305400000000001,0.0065175800000000002
0.30279200000000001,0.0057909700000000003
0.32467499999999999,0.00680855
0.18775500000000001,0.0065226900000000003
0.239841,0.0058337399999999996
0.18881600000000001,0.0049925100000000004
0.31149100000000002,0.00421178
0.205647,0.0033098799999999999
0.26391500000000001,0.0024927399999999998
0.18504200000000001,0.0020991999999999999
0.26448500000000003,0.0025595100000000001
0.23438500000000001,0.0029216899999999998
0.25113200000000002,0.0033976900000000001
0.233819,0.00415089
0.23838799999999999,0.0042598100000000002
0.26051099999999999,0.0047158599999999997
0.24871399999999999,0.0051524700000000001
0.27035199999999998,0.0049078300000000002
0.25079600000000002,0.0058058099999999998
0.27934500000000001,0.00519135
0.26704699999999998,0.0047613999999999998
0.28833700000000001,0.0042465599999999999
0.27726299999999998,0.00355011
0.29096100000000003,0.00318915
0.28793800000000003,0.0023243299999999999
0.29482199999999997,0.0017128099999999999
0.29586699999999999,0.00091701399999999996
0.29597000000000001,0.0012045599999999999
0.30033700000000002,0.00036238600000000002
0.29765999999999998,0.00054850700000000005
0.30299399999999999,0.00018541799999999999
0.298265,0.00066314900000000003
0.30362099999999997,0.00025084499999999997
0.299259,0.00060588099999999995
0.30408400000000002,0.000240053
0.30091299999999999,0.00044379199999999998
0.30374899999999999,0.00029898700000000002
0.30178100000000002,0.00029313700000000001
0.30288700000000002,0.00036645500000000001
0.30281400000000003,0.00018704400000000001
0.30253600000000003,0.00032949999999999999
0.303701,0.00014822899999999999
0.30230400000000002,0.00032421799999999998
0.304423,8.4993000000000004e-05
0.30249900000000002,0.00026278100000000002
0.30452299999999999,0.000146768
0.30281599999999997,0.000228617
0.304618,7.3004300000000002e-05
-0.25773200000000002,0.00016560699999999999
-0.28003699999999998,0.00080747900000000005
-0.39825500000000003,0.0016053700000000001
-0.022483199999999998,0.000886753
-0.15593399999999999,0.0010943700000000001
-0.199599,0.00123704
-0.30174600000000001,0.0020384000000000001
-0.24431700000000001,0.0028335399999999998
-0.16024099999999999,0.00212502
0.34398000000000001,0.0029723900000000001
0.35757299999999997,0.0017266600000000001
0.39437100000000003,0.00184136
0.19037599999999999,0.00102882
0.27150999999999997,0.0020033500000000001
0.33952100000000002,0.0011813800000000001
-0.23712,0.00145981
0.28893200000000002,0.0010279200000000001
0.189666,0.0016135699999999999
0.468053,0.0024247000000000001
0.221136,0.0031317599999999999
0.336341,0.0024503799999999998
0.21862599999999999,0.00164514
0.35397699999999999,0.00047130300000000001
0.38076199999999999,0.00122762
0.28813299999999997,0.00041753899999999997
0.34218999999999999,0.00053591100000000003
0.269596,0.0012974099999999999
0.389878,0.00078729099999999997
0.29225299999999999,0.00156715
0.37133699999999997,0.00087831300000000003
0.28020699999999998,0.0012350799999999999
0.35934300000000002,0.0016681000000000001
0.31836799999999998,0.0015792499999999999
0.345362,0.00180817
0.32096799999999998,0.0023923899999999999
0.32258999999999999,0.0019393500000000001
0.33384399999999997,0.00285024
0.31653700000000001,0.00243874
0.33557799999999999,0.0033590999999999998
0.30553200000000003,0.0025142300000000001
0.327872,0.0019688599999999998
0.30874099999999999,0.0019829399999999999
0.32919500000000002,0.00168231
0.313189,0.0012402400000000001
0.32339600000000002,0.00145061
0.31420300000000001,0.00098989299999999994
0.32124999999999998,0.00092023799999999998
0.32016499999999998,0.00093270600000000005
0.32033800000000001,0.00030515400000000003
0.32259399999999999,0.00052352500000000005
0.32023400000000002,0.00065952700000000003
0.32671600000000001,0.0011293900000000001
0.32270500000000002,0.000400391
0.329175,0.00086659599999999997
0.32450000000000001,0.00025581399999999999
0.330571,0.00061800099999999997
0.32749200000000001,0.00052861499999999997
0.33183800000000002,0.00044516800000000002
0.32996300000000001,0.00069517400000000001
