-0.31696800000000003,0.0
-0.201625,0.00101436
-0.32572200000000001,0.00202732
-0.26597199999999999,0.00099831399999999993
-0.20588100000000001,0.0020070399999999999
-0.179479,0.00301096
0.18953800000000001,0.00400717
0.25861400000000001,0.0029719199999999999
-0.051059100000000003,0.0039534799999999997
-0.097660999999999998,0.0049212500000000003
-0.0050983799999999996,0.00587047
0.165271,0.0067955100000000003
0.12536800000000001,0.0076898499999999998
0.0157716,0.0085459300000000002
0.0263713,0.0097192200000000006
0.087914400000000004,0.010821600000000001
0.161937,0.011096099999999999
0.11328100000000001,0.0113366
0.10961700000000001,0.0115292
0.10517600000000001,0.0116636
0.163356,0.0111985
0.16625400000000001,0.0096920300000000008
0.16863500000000001,0.0083013800000000006
0.15971399999999999,0.0071121200000000004
0.17633699999999999,0.0060207999999999998
0.19445499999999999,0.00489063
0.197765,0.0041437999999999996
0.20165,0.0035324900000000001
0.19905200000000001,0.0028947000000000001
0.21342,0.00239522
0.215113,0.0018611999999999999
0.22367799999999999,0.0017833899999999999
0.22067800000000001,0.0020531199999999999
0.227546,0.0021645900000000001
0.229598,0.00216066
0.235014,0.0025725700000000002
-0.23594300000000001,0.0029835
0.140597,0.0023966600000000001
0.15725600000000001,0.0035560700000000002
0.45334600000000003,0.0041006599999999999
0.0832981,0.0052315800000000004
-0.20890500000000001,0.0044584899999999998
0.0155333,0.00387098
0.20016,0.0048950599999999997
0.47474899999999998,0.0056720800000000004
-0.022101900000000001,0.00547599
0.154229,0.0046205100000000004
0.047202500000000001,0.0036131399999999999
-0.216446,0.00413131
0.237597,0.00345255
0.13609399999999999,0.0032549800000000002
0.44395699999999999,0.0038842
0.059317700000000001,0.0035931399999999999
0.27832099999999999,0.0026338799999999999
0.121322,0.0017992100000000001
0.32187500000000002,0.00191289
0.27824500000000002,0.0025490500000000002
0.227799,0.0015936699999999999
0.24748100000000001,0.00087430199999999998
0.216639,0.0013147300000000001
0.32290000000000002,0.00040304799999999998
0.22442400000000001,0.00116362
0.30567299999999997,0.00090799399999999997
0.216783,0.0017957699999999999
0.31070999999999999,0.0011540400000000001
0.25794299999999998,0.0024238100000000002
0.30322100000000002,0.00163781
0.26902599999999999,0.0021579799999999999
0.29306599999999999,0.0030488899999999998
0.29563800000000001,0.00223997
0.29556700000000002,0.0025411100000000001
0.30801699999999999,0.00195214
0.292159,0.0020744299999999999
0.315245,0.0015087200000000001
0.29833500000000002,0.00119316
0.31971699999999997,0.0016958400000000001
0.30238399999999999,0.00100508
0.318276,0.00094691700000000003
0.307639,0.00077527499999999997
0.31744699999999998,0.00048321300000000002
0.31190099999999998,0.00105105
0.314467,0.00058025399999999999
0.31397700000000001,0.0011748800000000001
0.312722,0.00057841700000000002
0.31620199999999998,0.00091719999999999996
0.311726,0.00056255900000000002
0.31702399999999997,0.00054228999999999996
0.31171900000000002,0.00046482099999999997
0.317353,0.00037031899999999998
0.31265300000000001,0.00050809499999999997
0.31692999999999999,0.00024677500000000002
0.31358799999999998,0.00051748300000000001
0.31614399999999998,0.00016503199999999999
0.314247,0.00045558799999999999
0.31556200000000001,9.0321600000000006e-05
0.31554199999999999,0.00041311000000000001
0.31517299999999998,0.00020650099999999999
0.31610899999999997,0.000305273
0.31444800000000001,0.00014948899999999999
0.31634499999999999,0.00028134900000000002
0.31430200000000003,0.000226302
0.31634899999999999,0.00027525200000000003
0.31424999999999997,0.00022854099999999999
-0.26103100000000001,0.000222609
0.25243700000000002,0.00072555199999999997
0.22950499999999999,0.00060037199999999995
0.449048,0.00111725
0.204626,0.0019828699999999999
0.26212800000000003,0.0011353100000000001
0.22812099999999999,0.00054396499999999999
0.33035799999999998,0.00099290399999999997
0.37717200000000001,0.00169265
0.24551400000000001,0.00122656
0.32146799999999998,0.00012333099999999999
0.24834500000000001,0.0010255799999999999
-0.21013699999999999,0.000188116
0.23130999999999999,0.00103645
0.25531199999999998,0.00018189200000000001
-0.041029000000000003,0.00070607000000000005
0.19502900000000001,0.00085624099999999999
0.171297,0.00156963
0.43681700000000001,0.00111786
0.25913900000000001,0.00044564399999999998
0.34165000000000001,0.00110636
0.18137600000000001,0.00153651
0.34897499999999998,0.0013107800000000001
0.34031,0.000275092
0.31677,0.00082720199999999997
0.30448199999999997,0.00082071499999999996
0.27687699999999998,0.0017302400000000001
0.35126200000000002,0.0010569900000000001
0.29759200000000002,0.000231642
0.34551799999999999,0.00063636900000000002
0.27561999999999998,0.000226732
0.33651300000000001,0.000640114
0.30071399999999998,0.0015924400000000001
0.33279999999999998,0.0017535199999999999
0.30218800000000001,0.0012129
0.31491599999999997,0.00035835400000000002
0.31165799999999999,0.0016104299999999999
0.31180999999999998,0.00072161100000000004
0.31771700000000003,0.00138149
0.30191600000000002,0.00103966
0.31687700000000002,0.00064586799999999996
0.30151499999999998,0.00072413600000000001
0.31789899999999999,0.00071787100000000003
0.30221500000000001,0.00062996700000000005
0.31407600000000002,0.00037993100000000002
0.30420199999999997,0.000266557
0.31269000000000002,0.00042787100000000002
0.307805,0.000233334
0.310695,0.00078656500000000003
0.30982799999999999,0.000208462
0.30926300000000001,0.00053281699999999999
0.312303,0.00027029400000000002
0.30870399999999998,0.00046465699999999999
0.31321700000000002,0.000225806
0.30856800000000001,0.00039428500000000002
0.31359500000000001,0.00021651299999999999
0.30943500000000002,0.000272775
0.313357,0.00026807600000000001
0.31011,0.00027810999999999998
0.31271399999999999,0.00039296600000000002
0.31108999999999998,0.00014215300000000001
0.31202400000000002,0.00029367999999999999
0.31193599999999999,0.00013169700000000001
0.31140099999999998,0.00023987600000000001
0.31253199999999998,5.3170600000000002e-05
0.311031,0.00017719
0.31288100000000002,1.6049000000000002e-05
0.31091800000000003,8.9381499999999998e-05
0.31286399999999998,6.4320500000000002e-05
0.311027,7.7677799999999997e-05
0.31267899999999998,8.3917800000000005e-05
0.31079800000000002,0.00010391300000000001
